1200,12000,18000
16,129,740
95,79,601
73,9,486
35,143,135
6,110,308
72,38,314
82,12,163
29,107,699
17,68,367
96,1,710
94,120,393
64,116,317
88,51,276
48,26,1061
40,47,183
82,128,66
73,16,330
7,68,550
3,15,474
34,81,793
69,60,459
56,35,1170
99,13,242
49,103,318
87,75,1157
88,114,958
93,73,422
6,15,860
41,79,655
88,43,552
67,111,675
9,132,1185
28,27,1012
24,61,393
80,19,298
23,53,1180
81,30,603
71,1,810
49,96,642
97,143,785
67,72,279
24,55,712
65,14,902
9,56,155
63,113,404
54,116,877
69,137,1186
43,74,902
19,5,77
75,131,989
77,85,189
65,77,469
98,24,449
4,90,10
12,82,219
24,91,450
29,9,314
13,41,299
50,26,782
40,91,20
20,137,726
82,35,581
62,120,518
71,83,828
82,78,1029
50,21,669
7,104,1195
80,87,642
56,145,636
7,144,832
36,53,899
23,114,954
61,64,345
43,28,1016
66,125,209
77,14,972
49,54,700
87,137,1085
92,57,30
40,88,294
31,2,381
75,118,300
56,87,259
52,44,584
44,64,270
41,34,795
45,31,212
51,7,742
86,87,89
65,145,275
64,2,602
34,117,1112
82,71,478
74,111,126
87,25,149
33,39,817
68,16,1062
15,54,94
68,72,579
69,61,280
80,135,712
41,6,286
91,132,163
80,43,927
28,1,925
30,79,910
55,124,298
5,94,306
73,146,625
71,101,211
44,141,820
42,10,1167
70,84,91
24,5,116
36,136,921
65,113,753
30,13,516
79,36,1075
44,73,572
21,59,910
80,80,695
52,123,110
90,120,1135
52,128,1128
87,96,370
34,96,855
20,115,347
33,28,660
28,33,716
37,85,586
62,7,763
22,112,359
93,63,132
12,146,269
12,2,988
25,17,874
30,86,933
88,126,43
25,81,631
28,50,841
3,30,254
64,25,426
75,69,1095
42,140,1041
4,57,80
54,140,126
11,107,1127
93,17,1042
63,58,943
61,25,34
67,73,142
62,45,1112
1,92,584
46,145,681
11,71,844
26,144,829
37,28,522
45,44,952
8,116,922
59,100,1030
68,125,131
7,57,549
50,75,677
22,62,694
54,81,616
75,139,471
37,90,661
33,113,721
71,76,142
10,88,249
11,21,977
74,19,194
13,38,165
2,93,1118
67,84,87
83,4,1153
16,24,295
67,113,1006
81,3,339
2,100,255
20,14,314
44,5,808
5,77,395
40,102,220
52,58,811
98,138,401
78,120,1106
56,34,175
56,82,1013
68,20,840
68,110,907
17,115,19
10,96,1089
84,147,1144
91,86,1163
46,47,781
82,127,503
57,32,271
49,149,125
7,64,1079
34,93,213
74,7,573
77,60,809
17,5,886
51,34,1125
1,108,333
98,1,1171
53,130,806
65,72,706
75,33,126
49,40,1056
96,67,448
87,5,8
61,12,134
9,45,416
15,66,613
72,56,587
19,78,498
18,72,260
58,140,797
97,83,1118
50,68,466
10,82,662
56,59,661
96,37,91
96,4,554
58,108,877
77,14,291
45,132,522
74,134,1123
9,12,241
74,38,13
98,111,39
16,39,468
66,125,771
15,139,402
30,18,1012
69,54,183
35,97,1136
86,3,833
58,87,23
58,137,725
13,69,1089
75,138,1107
28,110,61
59,6,658
99,94,917
63,36,713
42,6,796
37,30,831
39,9,815
14,24,473
66,78,21
62,39,341
35,83,595
59,28,736
64,140,568
72,80,173
34,35,1020
6,23,256
94,122,1084
8,42,390
22,70,290
58,132,1073
97,26,223
23,12,148
19,95,436
22,84,8
71,44,125
22,146,430
64,58,162
20,59,301
37,13,676
19,72,1049
84,85,650
91,18,214
21,114,406
81,130,104
95,108,602
8,48,918
96,94,514
57,55,700
93,138,92
81,10,95
2,130,412
46,9,336
26,37,155
59,59,705
42,141,182
44,52,338
15,66,585
39,71,21
79,31,96
25,102,254
61,47,787
11,106,571
38,38,459
89,26,449
77,130,214
35,94,753
33,84,94
12,21,283
11,138,990
16,127,658
50,97,756
89,23,766
98,147,296
56,132,1044
48,111,1
25,93,590
73,3,1035
67,112,521
20,98,99
70,138,148
16,11,535
1,144,174
40,55,971
4,8,1037
99,35,1055
1,121,1113
72,129,527
46,16,362
1,71,992
62,78,648
67,127,555
25,81,695
86,136,478
12,88,227
30,130,1109
43,104,462
38,123,496
72,92,608
59,144,397
12,54,1154
57,89,853
55,28,69
33,58,777
48,59,529
3,113,602
65,140,306
83,136,872
22,47,1190
96,76,982
56,27,1015
33,88,14
32,60,751
22,134,29
68,75,1037
40,99,598
67,139,845
34,2,500
47,133,979
14,52,416
45,44,364
81,59,422
47,121,803
30,22,342
81,36,883
31,106,121
49,39,823
85,59,427
82,131,573
90,110,226
5,56,563
45,10,508
21,114,863
5,115,321
36,7,1105
29,111,9
11,56,297
64,49,724
15,99,276
43,29,855
39,111,759
96,80,176
35,144,500
87,14,143
68,28,252
71,66,1151
93,123,1167
53,51,691
28,135,335
71,122,1014
73,116,190
1,68,1163
61,14,982
48,53,196
50,56,572
44,38,716
39,2,737
75,9,717
29,56,16
4,13,742
30,79,779
42,59,1157
15,39,82
62,59,644
28,59,546
47,121,1176
15,4,546
43,33,506
14,33,934
12,49,640
79,66,1127
75,126,357
78,118,295
65,117,217
71,142,1005
8,72,11
41,5,992
6,73,178
36,62,1060
28,108,262
67,20,376
74,134,665
28,51,1083
21,32,327
92,8,837
87,103,371
84,99,164
72,126,81
62,48,31
91,14,667
42,47,1016
32,83,406
35,26,765
38,53,1029
54,55,713
21,130,979
62,52,559
29,147,747
15,143,526
66,8,404
5,100,842
54,97,511
24,98,3
40,149,346
38,70,302
75,91,237
16,149,445
45,22,191
32,121,77
2,34,233
82,124,344
44,84,753
60,135,44
35,11,1188
10,122,1015
85,105,690
70,105,684
13,82,264
18,149,270
73,43,1078
41,132,1133
29,117,467
79,55,1114
16,92,607
90,68,525
41,41,392
65,144,907
16,136,560
91,89,1191
9,122,732
88,112,360
28,115,163
83,17,300
74,15,57
63,18,68
19,31,775
40,84,1053
40,54,978
89,53,558
25,46,1119
15,117,694
52,77,84
89,37,904
33,44,1025
43,58,641
51,35,720
82,36,435
62,9,590
25,129,1099
86,142,789
63,124,863
89,48,678
26,5,1018
62,126,676
3,26,440
2,95,1095
32,109,143
74,122,1008
2,59,253
50,50,1173
5,131,744
61,98,1044
15,88,389
37,88,27
71,106,636
69,136,950
86,73,95
50,95,957
13,45,521
46,76,31
83,63,963
59,100,197
16,50,168
28,114,1151
5,94,264
74,105,72
46,119,843
8,117,1047
25,75,636
70,90,855
84,89,124
88,29,866
69,126,1141
98,48,240
89,7,543
16,16,913
49,109,304
18,141,160
8,145,460
83,98,79
79,17,89
43,130,1118
51,112,120
67,31,382
54,18,225
33,65,549
99,125,1077
14,120,617
45,105,814
41,144,1078
26,80,1054
28,38,83
72,110,675
23,5,564
95,118,626
7,8,942
26,97,1106
59,118,673
10,82,92
14,17,687
95,76,74
78,40,141
21,85,213
80,88,216
22,16,284
56,131,159
40,61,819
81,26,422
40,115,802
26,121,968
38,137,1036
69,93,997
83,103,1087
93,3,977
29,61,568
18,134,1082
36,141,931
18,138,650
86,48,672
32,98,363
70,6,1141
16,133,365
52,70,1127
76,96,237
32,94,152
58,45,524
25,7,841
15,25,1055
8,99,923
6,88,340
6,42,313
19,22,542
25,20,384
92,79,1009
12,83,134
83,123,1103
44,3,100
56,133,575
23,80,792
3,11,863
55,126,141
52,52,235
42,126,834
45,140,411
63,39,1158
29,81,992
51,49,274
95,3,546
96,81,373
67,33,16
90,139,727
72,51,134
43,3,361
19,111,456
44,20,852
85,38,595
20,98,857
79,46,302
78,111,1037
76,44,189
16,93,1162
57,77,327
13,6,1040
64,146,632
14,64,22
1,5,973
14,24,147
46,3,641
95,12,201
48,44,171
26,68,463
66,69,920
68,113,390
17,66,77
46,16,809
37,61,569
14,80,190
17,50,751
78,69,194
67,130,762
28,148,61
14,97,658
97,67,196
57,112,314
67,34,799
18,82,556
78,108,399
60,32,904
11,135,487
72,21,325
68,13,148
81,14,58
61,44,851
22,141,612
29,145,111
33,51,401
58,106,958
19,3,101
65,146,492
40,2,376
10,149,250
95,125,742
29,140,614
13,68,874
33,138,950
23,110,1046
28,57,407
52,137,754
1,65,1041
85,101,266
2,43,1166
73,149,928
96,16,117
31,54,368
42,115,659
38,90,868
24,20,1194
26,132,873
79,127,89
91,84,491
60,2,75
35,40,863
70,92,854
72,71,912
39,59,670
6,15,566
86,52,349
7,147,586
51,136,169
13,136,752
17,148,405
46,129,860
32,35,925
10,65,921
30,19,718
47,84,321
87,61,1193
13,61,250
38,2,351
2,31,58
35,6,384
58,112,357
42,39,651
56,94,248
17,14,98
94,58,642
18,81,565
59,19,715
93,134,361
15,130,96
68,106,438
54,62,108
92,103,827
44,54,777
85,75,1018
60,38,246
7,134,1135
50,29,1085
74,87,672
98,136,459
42,126,332
11,76,504
88,70,483
85,99,1163
71,87,310
21,91,507
54,13,1053
73,95,1124
34,77,704
91,46,940
4,112,827
36,136,480
17,95,11
18,75,349
69,14,573
12,126,943
33,46,1077
22,31,947
28,11,926
76,65,90
52,109,308
24,94,459
51,108,636
52,117,1094
92,137,836
44,89,592
62,95,235
48,23,64
7,109,752
8,140,779
30,55,50
89,34,664
93,117,84
95,69,145
70,136,307
3,144,614
91,16,236
42,47,376
56,102,939
59,57,716
97,58,142
72,5,125
20,58,775
4,139,1124
22,84,1124
8,4,968
64,74,642
3,122,231
20,31,894
48,114,720
27,64,1060
1,30,100
20,107,1058
55,77,99
96,43,894
55,112,8
74,12,770
46,1,87
29,148,425
82,37,281
28,45,752
70,45,619
45,94,376
23,110,377
40,6,535
66,115,1008
63,115,832
93,84,556
63,143,614
53,96,210
4,145,997
69,122,1086
82,10,546
93,7,147
63,107,490
93,115,1191
97,100,138
35,91,845
55,119,962
82,109,193
3,1,1134
74,118,297
93,28,248
82,111,340
15,74,761
77,47,556
91,41,325
80,133,332
86,75,779
76,83,531
64,144,495
31,84,855
60,30,94
61,116,832
30,7,755
64,88,1143
3,87,56
82,51,363
61,18,434
71,125,173
83,52,131
65,139,562
17,145,520
61,63,1108
51,74,245
41,111,484
9,120,626
29,71,1061
83,38,383
85,24,913
88,136,272
25,13,316
86,1,463
82,84,1145
53,27,539
29,3,172
50,24,835
86,117,1140
64,21,963
54,99,876
17,48,30
34,91,576
15,8,1177
71,122,666
10,130,1098
46,70,973
89,148,35
33,112,321
95,64,468
15,16,934
82,47,125
45,129,87
67,94,506
9,125,345
33,42,842
63,75,1026
60,136,649
95,76,995
38,40,1124
68,9,406
92,18,247
67,106,878
67,131,37
97,62,13
76,19,989
43,72,1045
58,16,370
46,93,183
87,121,39
94,115,90
29,43,1048
19,22,1059
15,144,944
29,124,1180
84,6,1106
37,111,1107
42,101,610
51,43,848
94,53,1026
51,27,570
23,48,547
12,107,783
40,14,608
19,117,262
3,27,376
62,94,130
73,96,670
61,30,57
67,16,1001
5,49,916
43,10,181
43,60,913
82,52,588
28,115,616
82,147,910
97,69,1019
50,54,1178
73,126,784
1,92,153
28,86,130
47,52,252
82,117,881
94,59,1099
75,139,618
97,47,726
26,65,254
89,94,772
34,99,561
1,111,336
73,86,447
20,117,734
73,97,46
74,56,245
36,65,249
53,111,886
97,20,909
72,71,697
98,144,879
35,116,75
46,5,708
88,31,799
75,22,253
63,133,217
19,4,177
33,138,1098
32,106,703
93,105,1042
93,44,615
64,3,1131
91,66,628
49,113,183
37,144,81
85,147,95
46,63,151
25,103,84
97,106,138
78,137,184
42,12,259
92,52,1143
6,59,395
86,48,135
90,9,193
56,57,1065
58,4,870
88,140,507
86,46,468
58,48,572
96,125,484
37,16,646
57,48,556
45,91,180
72,41,834
46,45,749
92,91,783
70,111,541
24,47,981
3,31,148
3,76,1041
61,34,54
18,132,921
57,82,690
77,54,1150
24,59,381
44,82,510
87,149,537
94,116,72
32,39,1141
45,97,759
73,62,815
33,80,1041
3,136,618
29,112,1096
15,16,128
90,11,920
99,143,118
30,124,844
25,141,480
4,111,764
42,74,487
93,9,916
96,64,718
46,120,711
34,146,91
80,32,216
40,24,883
46,71,996
47,123,862
55,24,944
27,104,640
6,137,553
67,2,352
28,98,617
45,18,84
48,115,966
89,138,562
82,114,8
16,50,446
34,63,451
90,130,905
69,124,67
18,144,1065
28,145,617
68,1,423
70,148,744
10,75,32
10,120,586
69,39,766
6,132,810
39,13,386
90,111,946
42,3,44
53,140,139
31,2,710
74,79,5
97,87,842
24,39,1182
54,107,995
38,124,817
97,112,905
22,80,521
1,13,440
32,101,926
92,131,1128
13,24,732
85,115,156
78,97,328
17,147,160
47,131,365
27,20,1086
70,54,987
59,48,274
3,74,1
23,37,1032
96,136,109
69,82,94
54,71,587
8,16,529
32,52,233
33,86,1160
96,82,637
44,48,871
16,36,334
89,103,555
9,76,231
69,115,806
27,117,931
21,40,220
98,127,1167
69,148,528
78,131,1044
29,43,732
32,1,171
59,88,977
9,133,748
65,111,696
34,62,478
7,63,147
18,61,30
39,61,5
36,50,828
26,88,1079
29,58,1034
30,123,835
68,145,1191
24,85,721
53,88,208
90,119,122
56,7,1146
98,4,1123
57,56,566
9,33,95
22,114,89
7,147,362
82,101,413
99,60,241
3,149,1185
18,124,805
65,82,1190
72,10,1157
71,128,970
41,67,759
7,131,373
82,30,710
44,1,167
27,40,754
11,82,1011
29,126,801
99,55,72
56,22,587
13,74,498
51,93,1029
62,137,1025
83,78,145
13,119,456
81,25,413
33,82,886
86,144,1061
30,104,522
37,14,715
82,66,287
55,40,210
61,125,469
5,109,305
10,2,503
60,25,469
31,98,967
21,58,1147
52,127,1102
69,141,24
47,38,1024
30,149,447
19,40,876
30,98,1039
44,128,899
87,7,209
15,85,1034
76,63,639
97,58,472
44,35,403
27,5,86
45,89,530
98,18,709
50,130,653
4,79,845
60,6,169
97,55,859
60,21,33
82,46,189
47,85,603
50,12,673
11,30,93
89,62,694
8,11,820
22,116,643
12,104,482
30,148,603
45,120,1105
32,5,120
55,3,1027
16,45,376
61,27,1001
3,100,370
41,116,328
44,67,748
36,77,646
90,83,8
27,3,450
26,137,462
44,25,583
2,97,1110
35,60,300
65,80,760
60,61,228
67,126,838
92,122,241
36,19,747
94,141,1041
12,64,320
74,59,590
29,83,360
61,85,115
18,140,143
3,92,8
88,111,1083
96,127,696
76,114,793
32,124,1010
33,22,3
19,35,379
60,40,999
8,52,33
64,122,474
45,54,759
51,52,803
55,123,8
71,59,620
38,49,783
29,34,1005
54,48,1083
48,13,1085
1,9,45
49,9,1187
13,12,235
71,97,583
96,54,361
82,53,1001
9,139,198
26,35,1068
5,148,667
38,76,511
49,99,861
26,95,830
61,111,942
23,11,71
1,1,862
61,78,356
74,95,1156
98,22,1011
17,7,609
29,125,960
32,58,906
14,102,783
40,73,1160
38,120,774
19,146,781
77,74,607
95,45,240
13,20,1130
28,27,1195
67,89,684
10,109,915
98,33,410
81,13,755
66,79,715
96,14,482
34,55,47
36,94,313